5 3 3
3 2 4
7 5 10
8 6 1
2 1 2
3 2 3
7 3 7
8 10 4
9 11 13
34 2 2
2 7 7
5 7 7
3 6 8
25 9 6
2 4 3
14 13 2
6 1 4
15 2 8
14 4 3
14 5 2
12 7 3
4 2 9
10 5 6
1 3 8
6 4 2
13 1 7
9 6 5
2 8 4
11 2 10
7 9 1
3 5 6
14 7 2
8 4 9
5 6 3
10 3 7
6 2 8
12 9 5
4 1 6
9 8 2
11 7 4
7 5 9
2 3 1
13 6 8
1 4 7
15 2 5
8 9 3
6 7 10
10 1 4
3 8 6
12 5 2
5 4 9
14 3 7
9 2 6
7 1 8
2 6 5
11 9 3
4 7 2
13 8 4
6 3 10
10 5 1
8 2 7
1 6 9
15 4 3
3 7 5
12 1 8
5 9 2
14 6 4
9 3 7
7 8 6
2 5 10
11 4 1
6 9 3
10 7 2
8 1 5
4 6 8
13 2 9
1 5 7
15 8 4
3 1 6
12 4 2
5 3 10
14 9 1
9 7 5
7 2 3
2 4 8
11 6 7
6 5 9
10 8 2
8 3 6
4 9 1
13 7 4
1 2 5
15 6 8
3 4 7
12 8 3
5 1 9
14 2 6
9 5 10
7 6 4
2 9 2
11 3 8
6 8 1
10 4 5
8 7 3
8 7 3
